MAF
0.4648
0.4381
0.4816
0.1518
0.06212
0.4844
0.05099
0.4806
0.06333
0.06313
0.4093
0.4901
0.486
0.07548
0.4634
0.481
0.2576
0.4338
0.08681
0.4387
0.4041
0.07507
0.05281
0.4972
0.4664
0.4019
0.2013
0.4672
0.4763
0.3163
0.3308
0.1564
0.4047
0.4087
0.1645
0.3527
0.4636
0.4978
0.05443
0.052
0.4897
0.3007
0.2715
0.05848
0.1686
0.4949
0.2191
0.485
0.4587
0.05686
0.3612
0.07386
0.4769
0.4792
0.07244
0.5
0.3887
0.3096
0.4144
0.4583
0.2343
0.4371
0.06435
0.4136
0.0692
0.05625
0.052
0.4261
0.4719
0.344
0.4217
0.3879
0.05241
0.469
0.4294
0.05666
0.3673
0.1131
0.06455
0.4535
0.347
0.4792
0.4909
0.2841
0.0686
0.1115
0.3169
0.3211
0.4636
0.4622
0.4328
0.05504
0.4581
0.4844
0.3521
0.4921
0.4616
0.3565
0.4666
0.1613
0.1876
0.4891
0.0605
0.09288
0.2244
0.4611
0.4419
0.4138
0.4927
0.4887
0.4891
0.4974
0.07183
0.1548
0.4207
0.3013
0.4106
0.08316
0.464
0.09348
0.05686
0.05079
0.4743
0.4132
0.3584
0.05099
0.4314
0.4769
0.05221
0.1586
0.431
0.4711
0.4964
0.358
0.3905
0.4047
0.05989
0.4927
0.4949
0.4737
0.4844
0.4063
0.4765
0.4753
0.06738
0.4603
0.4905
0.06556
0.08701
0.05261
0.0949
0.4446
0.4694
0.4352
0.2025
0.1934
0.07042
0.4047
0.331
0.08741
0.4197
0.3361
0.3173
0.3804
0.4903
0.05585
0.2975
0.4996
0.08559
0.4334
0.499
0.2946
0.4219
0.1775
0.4328
0.05079
0.1546
0.05018
0.3325
0.07487
0.07264
0.429
0.3606
0.3537
0.05038
0.4737
0.3709
0.4879
0.06394
0.3355
0.499
0.0516
0.17
0.05079
0.0518
0.06212
0.4106
0.2677
0.4413
0.4856
0.398
0.4976
0.4235
0.1131
0.07669
0.399
0.2461
0.4215
0.4514
0.1097
0.4439
0.2622
0.4437
0.4765
0.4703
0.4891
0.3604
0.4994
0.4332
0.4802
0.4925
0.3719
0.275
0.4132
0.4953
0.05261
0.4605
0.06374
0.4616
0.0518
0.1382
0.2329
0.4966
0.3484
0.4488
0.05443
0.4715
0.052
0.4437
0.05625
0.4996
0.169
0.4931
0.4749
0.4306
0.2885
0.4168
0.05221
0.4662
0.4152
0.4899
0.3671
0.2843
0.4385
0.05382
0.2287
0.4524
0.4456
0.413
0.2701
0.08438
0.05929
0.05423
0.4846
0.05038
0.3978
0.05565
0.4808
0.05524
0.2548
0.4603
0.0518
0.4442
0.48
0.05929
0.4976
0.3673
0.496
0.4002
0.4292
0.4674
0.4154
0.4822
0.4664
0.05625
0.1722
0.3618
0.05403
0.4852
0.3806
0.3438
0.4512
0.3055
0.3839
0.446
0.3406
0.4919
0.4935
0.07102
0.08762
0.3697
0.447
0.4925
0.469
0.3673
0.3921
0.4209
0.06758
0.06111
0.05605
0.4723
0.4557
0.3146
0.4747
0.4733
0.3851
0.3501
0.4941
0.05059
0.3972
0.1105
0.4783
0.4958
0.0514
0.4496
0.4413
0.05079
0.3743
0.2981
0.4547
0.06091
0.3161
0.06941
0.4399
0.08215
0.05362
0.08337
0.4992
0.4334
0.2574
0.4522
0.3266
0.3298
0.4907
0.07143
0.468
0.1151
0.1214
0.05403
0.05382
0.4701
0.4927
0.4889
0.4435
0.4765
0.3495
0.4399
0.3157
0.4688
0.4164
0.09369
0.2216
0.3711
0.4992
0.4083
0.04978
0.4978
0.4719
0.4711
0.258
0.4747
0.4454
0.4193
0.4925
0.4579
0.1787
0.346
0.05221
0.07021
0.4019
0.3756
0.414
0.414
0.4711
0.3298
0.2299
0.4569
0.12
0.4328
0.2548
0.07426
0.4006
0.4488
0.4759
0.05909
0.08822
0.05443
0.4858
0.4864
0.4899
0.106
0.05221
0.05747
0.484
0.4921
0.05362
0.4964
0.497
0.4868
0.2191
0.3656
0.2404
0.431
0.0516
0.4945
0.4672
0.07325
0.05281
0.3756
0.4073
0.2928
0.05828
0.05565
0.4013
0.3889
0.4407
0.08134
0.485
0.3875
0.4484
0.3762
0.05605
0.4733
0.09409
0.4945
0.313
0.3316
0.4393
0.496
0.1609
0.2084
0.4949
0.496
0.3329
0.4701
0.4873
0.4775
0.4953
0.4854
0.4605
0.4804
0.2596
0.4703
0.4605
0.4622
0.4302
0.4551
0.4112
0.1762
0.4656
0.4945
0.4037
0.1501
0.173
0.4618
0.4846
0.07851
0.1087
0.05484
0.4522
0.4854
0.4075
0.4391
0.3816
0.4943
0.05888
0.1649
0.1317
0.4911
0.4709
0.4648
0.07426
0.4642
0.05079
0.3215
0.452
0.4676
0.4081
0.05544
0.3227
0.05787
0.481
0.3992
0.08155
0.05848
0.4253
0.4599
0.4907
0.3863
0.3238
0.4903
0.4852
0.3126
0.3936
0.05038
0.4083
0.05423
0.4482
0.292
0.05099
0.4674
0.4877
0.4527
0.06111
0.435
0.4632
0.04978
0.48
0.4949
0.452
0.4802
0.07143
0.05747
0.4427
0.4717
0.07386
0.4939
0.1002
0.3717
0.3438
0.4866
0.4369
0.4903
0.4015
0.451
0.2519
0.4951
0.4272
0.4605
0.05706
0.4921
0.4771
0.4027
0.05079
0.05686
0.4478
0.1388
0.4826
0.4482
0.1404
0.3907
0.1609
0.4195
0.377
0.2827
0.05281
0.4796
0.3658
0.4618
0.1627
0.07224
0.05645
0.0773
0.4654
0.2173
0.06253
0.3527
0.4945
0.12
0.05504
0.4595
0.4128
0.06657
0.4439
0.4984
0.4775
0.05261
0.3474
0.05767
0.05747
0.312
0.1321
0.05038
0.4852
0.4988
0.4949
0.4838
0.4966
0.451
0.05767
0.3972
0.3998
0.4298
0.05382
0.4342
0.05585
0.4933
0.4245
0.4951
0.05322
0.1544
0.4547
0.4968
0.3452
0.3288
0.06394
0.4569
0.05261
0.1362
0.4852
0.4456
0.4322
0.4834
0.4527
0.1054
0.4433
0.3826
0.447
0.4648
0.101
0.4437
0.4933
0.4278
0.4512
0.4508
0.3735
0.4998
0.07446
0.07345
0.4753
0.2661
0.3826
0.4304
0.05443
0.3713
0.05059
0.4788
0.05585
0.3766
0.4589
0.4658
0.4703
0.496
0.07386
0.4658
0.04978
0.326
0.3349
0.1793
0.4235
0.05281
0.4684
0.05119
0.2187
0.4591
0.1076
0.3849
0.4727
0.3462
0.2999
0.05038
0.05403
0.07467
0.3527
0.1329
0.07406
0.4359
0.4565
0.4937
0.4883
0.07204
0.3511
0.4559
0.4128
0.3743
0.3191
0.2454
0.05645
0.4524
0.1831
0.4802
0.4915
0.4603
0.4632
0.1491
0.4931
0.4909
0.08458
0.3948
0.4838
0.3994
0.3314
0.4937
0.07871
0.4162
0.1924
0.465
0.104
0.361
0.4419
0.4941
0.4953
0.2979
0.2681
0.4998
0.4745
0.4195
0.4986
0.0603
0.4798
0.3286
0.07345
0.06192
0.1054
0.09106
0.2584
0.1214
0.4085
0.4306
0.05221
0.1973
0.1669
0.4763
0.4403
0.2586
0.1293
0.4405
0.4601
0.3422
0.06617
0.4788
0.2392
0.4915
0.4618
0.4974
0.4978
0.4998
0.499
0.2139
0.3144
0.4968
0.1303
0.4427
0.4893
0.1599
0.05018
0.481
0.4911
0.449
0.06718
0.04998
0.4901
0.2183
0.448
0.1645
0.4747
0.45
0.4826
0.07062
0.3978
0.4873
0.3122
0.3049
0.4565
0.2916
0.4723
0.3598
0.4953
0.06576
0.4219
0.05423
0.4992
0.4551
0.06192
0.3197
0.4931
0.04998
0.4215
0.4925
0.4696
0.4571
0.05484
0.05726
0.3345
0.05443
0.3889
0.3756
0.2343
0.4387
0.4875
0.05221
0.4901
0.4998
0.4696
0.3339
0.1657
0.1688
0.4891
0.05565
0.07993
0.499
0.313
0.4729
0.4363
0.4883
0.139
0.05119
0.2742
0.3592
0.1714
0.4136
0.05524
0.0516
0.05605
0.05524
0.3286
0.05261
0.05909
0.498
0.4591
0.06981
0.3996
0.307
0.4828
0.4245
0.4377
0.4816
0.2548
0.226
0.173
0.3066
0.05828
0.05342
0.4875
0.1532
0.4931
0.4458
0.4484
0.05119
0.05504
0.4858
0.429
0.104
0.06718
0.1234
0.224
0.4753
0.1226
0.4474
0.07143
0.05544
0.0605
0.4951
0.06637
0.4674
0.4255
0.4917
0.105
